1 255 226 226
2 255 201 201
3 245 173 173
4 241 135 135
5 227 109 109
6 191 45 45
7 254 215 204
8 253 156 151
9 233 106 103
10 224 72 72
11 210 16 53
12 187 5 31
13 255 203 213
14 255 173 188
15 255 121 146
16 231 73 103
17 227 29 66
18 199 43 59
19 183 31 51
20 167 19 43
21 151 11 35
22 135 7 31
23 123 0 27
24 255 178 187
25 252 144 162
26 255 121 140
27 255 87 115
28 255 223 217
29 253 181 181
30 255 145 145
31 86 74 74
32 255 215 215
33 255 189 189
34 230 138 138
35 207 115 115
36 234 134 153
37 219 85 110
38 179 47 72
39 145 53 70
40 255 238 235
41 251 173 180
42 252 176 185
43 242 118 136
44 238 84 110
45 179 59 75
46 240 206 212
47 228 166 172
48 232 135 155
49 218 103 131
50 188 67 101
51 171 2 73
52 251 191 194
53 231 169 172
54 201 107 112
55 171 51 87
56 136 21 49
57 255 192 205
58 255 176 190
59 255 164 190
60 226 72 116
61 209 40 106
62 205 47 99
63 255 140 174
64 243 71 139
65 224 40 118
66 244 174 213
67 234 156 196
68 197 73 137
69 156 36 98
70 155 19 89
71 130 0 67
72 255 223 213
73 235 183 175
74 226 160 153
75 204 132 124
76 188 108 100
77 161 75 81
78 136 62 67
79 223 179 187
80 219 169 178
81 183 115 127
82 155 91 102
83 129 73 82
84 113 65 73
85 130 38 55
86 215 203 211
87 183 157 167
88 149 111 124
89 120 87 98
90 186 145 170
91 148 96 131
92 114 55 93
93 87 36 51
94 227 203 227
95 195 159 195
96 163 123 167
97 131 91 139
98 108 58 110
99 99 54 102
100 230 204 217
101 219 179 203
102 163 99 139
103 128 58 107
104 92 24 78
105 211 215 237
106 183 191 221
107 163 174 209
108 173 167 199
109 152 145 182
110 119 107 152
111 92 84 120
112 187 195 217
113 143 156 193
114 112 125 162
115 96 103 140
116 85 91 123
117 76 82 110
118 70 69 99
119 176 192 218
120 123 142 171
121 92 114 148
122 192 204 222
123 148 168 198
124 116 142 182
125 70 106 142
126 19 71 125
127 17 65 109
128 14 54 92
129 219 236 245
130 189 221 237
131 161 194 215
132 107 158 191
133 71 129 165
134 57 105 135
135 48 194 236
136 20 170 208
137 38 150 182
138 6 227 230
139 4 196 202
140 18 174 186
141 199 202 215
142 153 159 183
143 120 128 164
144 238 252 252
145 217 235 241
146 205 223 237
147 184 210 230
148 147 180 206
149 115 159 193
150 90 143 184
151 53 102 139
152 44 89 124
153 37 59 115
154 33 48 99
155 27 40 83
156 219 226 233
157 199 209 219
158 162 181 198
159 106 133 158
160 69 92 113
161 56 76 94
162 197 232 237
163 172 216 226
164 126 177 200
165 79 147 167
166 62 133 162
167 59 118 143
168 50 102 124
169 28 80 102
170 229 252 253
171 153 207 217
172 100 171 186
173 61 149 165
174 52 127 140
175 188 227 230
176 144 195 204
177 91 163 179
178 72 142 154
179 63 124 133
180 54 105 112
181 221 227 227
182 189 203 203
183 152 174 174
184 101 127 127
185 86 106 106
186 82 179 164
187 85 147 146
188 52 125 117
189 169 226 216
190 89 199 180
191 62 182 161
192 47 140 132
193 73 179 161
194 61 147 132
195 55 132 119
196 144 192 180
197 111 174 159
198 80 139 125
199 71 123 110
200 185 215 192
201 167 205 175
202 143 192 152
203 83 151 106
204 51 131 98
205 153 195 170
206 101 165 125
207 77 131 97
208 71 119 89
209 44 106 69
210 196 222 204
211 178 212 189
212 123 172 148
213 91 144 113
214 57 111 82
215 4 77 51
216 162 214 173
217 136 186 145
218 109 171 119
219 27 157 107
220 24 144 101
221 24 126 86
222 21 111 73
223 17 90 59
224 215 237 204
225 166 194 152
226 105 136 90
227 97 122 82
228 32 95 46
229 23 73 35
230 200 216 184
231 141 166 117
232 115 139 91
233 88 113 65
234 64 82 48
235 228 236 212
236 204 217 177
237 113 147 92
238 64 106 58
239 27 89 21
240 27 83 0
241 158 207 52
242 123 181 71
243 71 167 47
244 63 143 41
245 7 115 27
246 5 101 23
247 199 230 102
248 127 179 53
249 98 138 40
250 85 120 34
251 216 228 152
252 174 191 121
253 148 171 79
254 114 132 60
255 98 113 51
256 76 88 38
257 66 77 33
258 49 57 25
259 171 177 151
260 156 164 130
261 136 146 104
262 95 102 72
263 196 205 172
264 150 158 126
265 102 109 79
266 131 151 95
267 114 130 86
268 94 107 71
269 239 244 164
270 224 232 104
271 192 200 64
272 167 174 56
273 136 141 51
274 199 192 119
275 188 179 76
276 148 140 54
277 147 139 55
278 130 123 48
279 185 185 130
280 166 167 93
281 137 138 88
282 204 183 132
283 191 166 113
284 184 157 100
285 219 190 127
286 200 171 108
287 189 155 81
288 170 143 86
289 141 120 75
290 126 107 66
291 220 196 170
292 188 154 120
293 150 118 86
294 121 96 71
295 231 214 193
296 216 188 154
297 188 150 106
298 167 124 73
299 252 252 238
300 245 236 203
301 198 159 123
302 183 139 97
303 160 112 66
304 131 94 57
305 228 180 104
306 206 145 36
307 174 119 32
308 162 109 32
309 148 99 26
310 229 206 151
311 208 165 62
312 188 141 14
313 169 130 4
314 246 220 152
315 243 206 117
316 223 182 95
317 205 157 55
318 255 251 139
319 253 237 84
320 255 227 0
321 255 214 0
322 253 249 205
323 255 241 175
324 253 215 85
325 255 200 64
326 255 181 21
327 255 233 173
328 255 231 147
329 254 211 118
330 255 191 87
331 255 163 43
332 255 139 0
333 247 139 19
334 246 127 0
335 255 123 77
336 235 99 7
337 209 88 7
338 255 222 213
339 254 205 194
340 252 171 152
341 255 131 111
342 253 93 53
343 250 50 3
344 255 226 207
345 255 211 181
346 247 151 111
347 242 120 66
348 229 92 31
349 253 189 150
350 226 115 35
351 198 98 24
352 172 84 20
353 166 69 16
354 130 52 10
355 255 238 227
356 251 213 187
357 247 167 119
358 207 121 57
359 179 95 43
360 143 67 15
361 111 47 0
362 255 253 227
363 250 211 150
364 242 175 104
365 242 151 70
366 247 187 119
367 220 156 86
368 194 129 66
369 173 114 57
370 145 79 18
371 254 231 218
372 247 203 191
373 244 187 169
374 238 170 155
375 217 137 120
376 197 106 91
377 185 85 68
378 152 68 54
379 134 48 34
380 248 202 200
381 186 139 124
382 150 74 63
383 104 37 26
384 243 225 215
385 238 211 196
386 196 142 112
387 187 129 97
388 182 117 82
389 160 108 80
390 135 85 57
391 215 206 203
392 192 179 174
393 145 123 115
394 166 136 129
395 125 93 87
396 98 75 69
397 255 251 239
398 248 228 200
399 236 204 158
400 228 187 142
401 203 144 81
402 184 119 72
403 152 94 51
404 122 69 31
405 101 57 25
406 73 42 19
407 54 31 14
408 30 17 8
409 242 227 206
410 203 182 156
411 164 131 92
412 138 110 78
413 75 60 42
414 255 255 255
415 252 251 248
416 249 247 241
417 240 234 218
418 231 226 211
419 221 216 203
420 164 152 120
421 133 123 97
422 98 93 80
423 79 75 65
424 235 234 231
425 177 170 151
426 142 144 120
427 99 100 88
428 227 216 204
429 210 188 166
430 179 159 139
431 127 106 85
432 107 87 67
433 250 246 240
434 209 186 161
435 182 155 126
436 154 124 92
437 103 85 65
438 89 73 55
439 230 232 232
440 188 180 172
441 176 166 156
442 135 125 115
443 110 101 92
444 72 72 72
445 236 236 236
446 211 211 214
447 171 171 171
448 140 140 140
449 209 209 209
450 132 132 132
451 108 108 108
452 86 86 86
453 66 66 66
454 0 0 0
455 227 227 230
456 215 215 216
457 184 184 187
458 174 174 177
459 227 204 190
460 220 198 184
461 143 123 110
462 106 80 70
463 85 32 14
464 237 254 217
465 226 237 181
466 205 217 154
467 191 246 224
468 208 251 178
469 209 237 164
470 201 194 88
471 229 226 114
472 217 213 109
473 247 201 95
474 247 175 147
475 215 153 130
476 188 96 78
477 237 226 237
478 224 215 238
479 218 210 233
480 215 202 230
481 240 238 249
482 144 134 169
483 103 64 118
484 125 119 165
485 80 81 141
486 77 46 138
487 156 89 158
488 125 48 100
489 70 5 45
