1 255.0 226.0 226.0 DMC-3713
2 255.0 201.0 201.0 DMC-761
3 245.0 173.0 173.0 DMC-760
4 241.0 135.0 135.0 DMC-3712
5 227.0 109.0 109.0 DMC-3328
6 191.0 45.0 45.0 DMC-347
7 254.0 215.0 204.0 DMC-353
8 253.0 156.0 151.0 DMC-352
9 233.0 106.0 103.0 DMC-351
10 224.0 72.0 72.0 DMC-350
11 210.0 16.0 53.0 DMC-349
12 187.0 5.0 31.0 DMC-817
13 255.0 203.0 213.0 DMC-3708
14 255.0 173.0 188.0 DMC-3706
15 255.0 121.0 146.0 DMC-3705
16 231.0 73.0 103.0 DMC-3801
17 227.0 29.0 66.0 DMC-666
18 199.0 43.0 59.0 DMC-321
19 183.0 31.0 51.0 DMC-304
20 167.0 19.0 43.0 DMC-498
21 151.0 11.0 35.0 DMC-816
22 135.0 7.0 31.0 DMC-815
23 123.0 0.0 27.0 DMC-814
24 255.0 178.0 187.0 DMC-894
25 252.0 144.0 162.0 DMC-893
26 255.0 121.0 140.0 DMC-892
27 255.0 87.0 115.0 DMC-891
28 255.0 223.0 217.0 DMC-818
29 253.0 181.0 181.0 DMC-957
30 255.0 145.0 145.0 DMC-956
31 86.0 74.0 74.0 DMC-309
32 255.0 215.0 215.0 DMC-963
33 255.0 189.0 189.0 DMC-3716
34 230.0 138.0 138.0 DMC-962
35 207.0 115.0 115.0 DMC-961
36 234.0 134.0 153.0 DMC-3833
37 219.0 85.0 110.0 DMC-3832
38 179.0 47.0 72.0 DMC-3831
39 145.0 53.0 70.0 DMC-777
40 255.0 238.0 235.0 DMC-819
41 251.0 173.0 180.0 DMC-3326
42 252.0 176.0 185.0 DMC-776
43 242.0 118.0 136.0 DMC-899
44 238.0 84.0 110.0 DMC-335
45 179.0 59.0 75.0 DMC-326
46 240.0 206.0 212.0 DMC-151
47 228.0 166.0 172.0 DMC-3354
48 232.0 135.0 155.0 DMC-3733
49 218.0 103.0 131.0 DMC-3731
50 188.0 67.0 101.0 DMC-3350
51 171.0 2.0 73.0 DMC-150
52 251.0 191.0 194.0 DMC-3689
53 231.0 169.0 172.0 DMC-3688
54 201.0 107.0 112.0 DMC-3687
55 171.0 51.0 87.0 DMC-3803
56 136.0 21.0 49.0 DMC-3685
57 255.0 192.0 205.0 DMC-605
58 255.0 176.0 190.0 DMC-604
59 255.0 164.0 190.0 DMC-603
60 226.0 72.0 116.0 DMC-602
61 209.0 40.0 106.0 DMC-601
62 205.0 47.0 99.0 DMC-600
63 255.0 140.0 174.0 DMC-3806
64 243.0 71.0 139.0 DMC-3805
65 224.0 40.0 118.0 DMC-3804
66 244.0 174.0 213.0 DMC-3609
67 234.0 156.0 196.0 DMC-3608
68 197.0 73.0 137.0 DMC-3607
69 156.0 36.0 98.0 DMC-718
70 155.0 19.0 89.0 DMC-917
71 130.0 0.0 67.0 DMC-915
72 255.0 223.0 213.0 DMC-225
73 235.0 183.0 175.0 DMC-224
74 226.0 160.0 153.0 DMC-152
75 204.0 132.0 124.0 DMC-223
76 188.0 108.0 100.0 DMC-3722
77 161.0 75.0 81.0 DMC-3721
78 136.0 62.0 67.0 DMC-221
79 223.0 179.0 187.0 DMC-778
80 219.0 169.0 178.0 DMC-3727
81 183.0 115.0 127.0 DMC-316
82 155.0 91.0 102.0 DMC-3726
83 129.0 73.0 82.0 DMC-315
84 113.0 65.0 73.0 DMC-3802
85 130.0 38.0 55.0 DMC-902
86 215.0 203.0 211.0 DMC-3743
87 183.0 157.0 167.0 DMC-3042
88 149.0 111.0 124.0 DMC-3041
89 120.0 87.0 98.0 DMC-3740
90 186.0 145.0 170.0 DMC-3836
91 148.0 96.0 131.0 DMC-3835
92 114.0 55.0 93.0 DMC-3834
93 87.0 36.0 51.0 DMC-154
94 227.0 203.0 227.0 DMC-211
95 195.0 159.0 195.0 DMC-210
96 163.0 123.0 167.0 DMC-209
97 131.0 91.0 139.0 DMC-208
98 108.0 58.0 110.0 DMC-3837
99 99.0 54.0 102.0 DMC-327
100 230.0 204.0 217.0 DMC-153
101 219.0 179.0 203.0 DMC-554
102 163.0 99.0 139.0 DMC-553
103 128.0 58.0 107.0 DMC-552
104 92.0 24.0 78.0 DMC-550
105 211.0 215.0 237.0 DMC-3747
106 183.0 191.0 221.0 DMC-341
107 163.0 174.0 209.0 DMC-156
108 173.0 167.0 199.0 DMC-340
109 152.0 145.0 182.0 DMC-155
110 119.0 107.0 152.0 DMC-3746
111 92.0 84.0 120.0 DMC-333
112 187.0 195.0 217.0 DMC-157
113 143.0 156.0 193.0 DMC-794
114 112.0 125.0 162.0 DMC-793
115 96.0 103.0 140.0 DMC-3807
116 85.0 91.0 123.0 DMC-792
117 76.0 82.0 110.0 DMC-158
118 70.0 69.0 99.0 DMC-791
119 176.0 192.0 218.0 DMC-3840
120 123.0 142.0 171.0 DMC-3839
121 92.0 114.0 148.0 DMC-3838
122 192.0 204.0 222.0 DMC-800
123 148.0 168.0 198.0 DMC-809
124 116.0 142.0 182.0 DMC-799
125 70.0 106.0 142.0 DMC-798
126 19.0 71.0 125.0 DMC-797
127 17.0 65.0 109.0 DMC-796
128 14.0 54.0 92.0 DMC-820
129 219.0 236.0 245.0 DMC-162
130 189.0 221.0 237.0 DMC-827
131 161.0 194.0 215.0 DMC-813
132 107.0 158.0 191.0 DMC-826
133 71.0 129.0 165.0 DMC-825
134 57.0 105.0 135.0 DMC-824
135 48.0 194.0 236.0 DMC-996
136 20.0 170.0 208.0 DMC-3843
137 38.0 150.0 182.0 DMC-995
138 6.0 227.0 230.0 DMC-3846
139 4.0 196.0 202.0 DMC-3845
140 18.0 174.0 186.0 DMC-3844
141 199.0 202.0 215.0 DMC-159
142 153.0 159.0 183.0 DMC-160
143 120.0 128.0 164.0 DMC-161
144 238.0 252.0 252.0 DMC-3756
145 217.0 235.0 241.0 DMC-775
146 205.0 223.0 237.0 DMC-3841
147 184.0 210.0 230.0 DMC-3325
148 147.0 180.0 206.0 DMC-3755
149 115.0 159.0 193.0 DMC-334
150 90.0 143.0 184.0 DMC-322
151 53.0 102.0 139.0 DMC-312
152 44.0 89.0 124.0 DMC-803
153 37.0 59.0 115.0 DMC-336
154 33.0 48.0 99.0 DMC-823
155 27.0 40.0 83.0 DMC-939
156 219.0 226.0 233.0 DMC-3753
157 199.0 209.0 219.0 DMC-3752
158 162.0 181.0 198.0 DMC-932
159 106.0 133.0 158.0 DMC-931
160 69.0 92.0 113.0 DMC-930
161 56.0 76.0 94.0 DMC-3750
162 197.0 232.0 237.0 DMC-828
163 172.0 216.0 226.0 DMC-3761
164 126.0 177.0 200.0 DMC-519
165 79.0 147.0 167.0 DMC-518
166 62.0 133.0 162.0 DMC-3760
167 59.0 118.0 143.0 DMC-517
168 50.0 102.0 124.0 DMC-3842
169 28.0 80.0 102.0 DMC-311
170 229.0 252.0 253.0 DMC-747
171 153.0 207.0 217.0 DMC-3766
172 100.0 171.0 186.0 DMC-807
173 61.0 149.0 165.0 DMC-806
174 52.0 127.0 140.0 DMC-3765
175 188.0 227.0 230.0 DMC-3811
176 144.0 195.0 204.0 DMC-598
177 91.0 163.0 179.0 DMC-597
178 72.0 142.0 154.0 DMC-3810
179 63.0 124.0 133.0 DMC-3809
180 54.0 105.0 112.0 DMC-3808
181 221.0 227.0 227.0 DMC-928
182 189.0 203.0 203.0 DMC-927
183 152.0 174.0 174.0 DMC-926
184 101.0 127.0 127.0 DMC-3768
185 86.0 106.0 106.0 DMC-924
186 82.0 179.0 164.0 DMC-3849
187 85.0 147.0 146.0 DMC-3848
188 52.0 125.0 117.0 DMC-3847
189 169.0 226.0 216.0 DMC-964
190 89.0 199.0 180.0 DMC-959
191 62.0 182.0 161.0 DMC-958
192 47.0 140.0 132.0 DMC-3812
193 73.0 179.0 161.0 DMC-3851
194 61.0 147.0 132.0 DMC-943
195 55.0 132.0 119.0 DMC-3850
196 144.0 192.0 180.0 DMC-993
197 111.0 174.0 159.0 DMC-992
198 80.0 139.0 125.0 DMC-3814
199 71.0 123.0 110.0 DMC-991
200 185.0 215.0 192.0 DMC-966
201 167.0 205.0 175.0 DMC-564
202 143.0 192.0 152.0 DMC-563
203 83.0 151.0 106.0 DMC-562
204 51.0 131.0 98.0 DMC-505
205 153.0 195.0 170.0 DMC-3817
206 101.0 165.0 125.0 DMC-3816
207 77.0 131.0 97.0 DMC-163
208 71.0 119.0 89.0 DMC-3815
209 44.0 106.0 69.0 DMC-561
210 196.0 222.0 204.0 DMC-504
211 178.0 212.0 189.0 DMC-3813
212 123.0 172.0 148.0 DMC-503
213 91.0 144.0 113.0 DMC-502
214 57.0 111.0 82.0 DMC-501
215 4.0 77.0 51.0 DMC-500
216 162.0 214.0 173.0 DMC-955
217 136.0 186.0 145.0 DMC-954
218 109.0 171.0 119.0 DMC-913
219 27.0 157.0 107.0 DMC-912
220 24.0 144.0 101.0 DMC-911
221 24.0 126.0 86.0 DMC-910
222 21.0 111.0 73.0 DMC-909
223 17.0 90.0 59.0 DMC-3818
224 215.0 237.0 204.0 DMC-369
225 166.0 194.0 152.0 DMC-368
226 105.0 136.0 90.0 DMC-320
227 97.0 122.0 82.0 DMC-367
228 32.0 95.0 46.0 DMC-319
229 23.0 73.0 35.0 DMC-890
230 200.0 216.0 184.0 DMC-164
231 141.0 166.0 117.0 DMC-989
232 115.0 139.0 91.0 DMC-988
233 88.0 113.0 65.0 DMC-987
234 64.0 82.0 48.0 DMC-986
235 228.0 236.0 212.0 DMC-772
236 204.0 217.0 177.0 DMC-3348
237 113.0 147.0 92.0 DMC-3347
238 64.0 106.0 58.0 DMC-3346
239 27.0 89.0 21.0 DMC-3345
240 27.0 83.0 0.0 DMC-895
241 158.0 207.0 52.0 DMC-704
242 123.0 181.0 71.0 DMC-703
243 71.0 167.0 47.0 DMC-702
244 63.0 143.0 41.0 DMC-701
245 7.0 115.0 27.0 DMC-700
246 5.0 101.0 23.0 DMC-699
247 199.0 230.0 102.0 DMC-907
248 127.0 179.0 53.0 DMC-906
249 98.0 138.0 40.0 DMC-905
250 85.0 120.0 34.0 DMC-904
251 216.0 228.0 152.0 DMC-472
252 174.0 191.0 121.0 DMC-471
253 148.0 171.0 79.0 DMC-470
254 114.0 132.0 60.0 DMC-469
255 98.0 113.0 51.0 DMC-937
256 76.0 88.0 38.0 DMC-936
257 66.0 77.0 33.0 DMC-935
258 49.0 57.0 25.0 DMC-934
259 171.0 177.0 151.0 DMC-523
260 156.0 164.0 130.0 DMC-3053
261 136.0 146.0 104.0 DMC-3052
262 95.0 102.0 72.0 DMC-3051
263 196.0 205.0 172.0 DMC-524
264 150.0 158.0 126.0 DMC-522
265 102.0 109.0 79.0 DMC-520
266 131.0 151.0 95.0 DMC-3364
267 114.0 130.0 86.0 DMC-3363
268 94.0 107.0 71.0 DMC-3362
269 239.0 244.0 164.0 DMC-165
270 224.0 232.0 104.0 DMC-3819
271 192.0 200.0 64.0 DMC-166
272 167.0 174.0 56.0 DMC-581
273 136.0 141.0 51.0 DMC-580
274 199.0 192.0 119.0 DMC-734
275 188.0 179.0 76.0 DMC-733
276 148.0 140.0 54.0 DMC-732
277 147.0 139.0 55.0 DMC-731
278 130.0 123.0 48.0 DMC-730
279 185.0 185.0 130.0 DMC-3013
280 166.0 167.0 93.0 DMC-3012
281 137.0 138.0 88.0 DMC-3011
282 204.0 183.0 132.0 DMC-372
283 191.0 166.0 113.0 DMC-371
284 184.0 157.0 100.0 DMC-370
285 219.0 190.0 127.0 DMC-834
286 200.0 171.0 108.0 DMC-833
287 189.0 155.0 81.0 DMC-832
288 170.0 143.0 86.0 DMC-831
289 141.0 120.0 75.0 DMC-830
290 126.0 107.0 66.0 DMC-829
291 220.0 196.0 170.0 DMC-613
292 188.0 154.0 120.0 DMC-612
293 150.0 118.0 86.0 DMC-611
294 121.0 96.0 71.0 DMC-610
295 231.0 214.0 193.0 DMC-3047
296 216.0 188.0 154.0 DMC-3046
297 188.0 150.0 106.0 DMC-3045
298 167.0 124.0 73.0 DMC-167
299 252.0 252.0 238.0 DMC-746
300 245.0 236.0 203.0 DMC-677
301 198.0 159.0 123.0 DMC-422
302 183.0 139.0 97.0 DMC-3828
303 160.0 112.0 66.0 DMC-420
304 131.0 94.0 57.0 DMC-869
305 228.0 180.0 104.0 DMC-728
306 206.0 145.0 36.0 DMC-783
307 174.0 119.0 32.0 DMC-782
308 162.0 109.0 32.0 DMC-781
309 148.0 99.0 26.0 DMC-780
310 229.0 206.0 151.0 DMC-676
311 208.0 165.0 62.0 DMC-729
312 188.0 141.0 14.0 DMC-680
313 169.0 130.0 4.0 DMC-3829
314 246.0 220.0 152.0 DMC-3822
315 243.0 206.0 117.0 DMC-3821
316 223.0 182.0 95.0 DMC-3820
317 205.0 157.0 55.0 DMC-3852
318 255.0 251.0 139.0 DMC-445
319 253.0 237.0 84.0 DMC-307
320 255.0 227.0 0.0 DMC-973
321 255.0 214.0 0.0 DMC-444
322 253.0 249.0 205.0 DMC-3078
323 255.0 241.0 175.0 DMC-727
324 253.0 215.0 85.0 DMC-726
325 255.0 200.0 64.0 DMC-725
326 255.0 181.0 21.0 DMC-972
327 255.0 233.0 173.0 DMC-745
328 255.0 231.0 147.0 DMC-744
329 254.0 211.0 118.0 DMC-743
330 255.0 191.0 87.0 DMC-742
331 255.0 163.0 43.0 DMC-741
332 255.0 139.0 0.0 DMC-740
333 247.0 139.0 19.0 DMC-970
334 246.0 127.0 0.0 DMC-971
335 255.0 123.0 77.0 DMC-947
336 235.0 99.0 7.0 DMC-946
337 209.0 88.0 7.0 DMC-900
338 255.0 222.0 213.0 DMC-967
339 254.0 205.0 194.0 DMC-3824
340 252.0 171.0 152.0 DMC-3341
341 255.0 131.0 111.0 DMC-3340
342 253.0 93.0 53.0 DMC-608
343 250.0 50.0 3.0 DMC-606
344 255.0 226.0 207.0 DMC-951
345 255.0 211.0 181.0 DMC-3856
346 247.0 151.0 111.0 DMC-722
347 242.0 120.0 66.0 DMC-721
348 229.0 92.0 31.0 DMC-720
349 253.0 189.0 150.0 DMC-3825
350 226.0 115.0 35.0 DMC-922
351 198.0 98.0 24.0 DMC-921
352 172.0 84.0 20.0 DMC-920
353 166.0 69.0 16.0 DMC-919
354 130.0 52.0 10.0 DMC-918
355 255.0 238.0 227.0 DMC-3770
356 251.0 213.0 187.0 DMC-945
357 247.0 167.0 119.0 DMC-402
358 207.0 121.0 57.0 DMC-3776
359 179.0 95.0 43.0 DMC-301
360 143.0 67.0 15.0 DMC-400
361 111.0 47.0 0.0 DMC-300
362 255.0 253.0 227.0 DMC-3823
363 250.0 211.0 150.0 DMC-3855
364 242.0 175.0 104.0 DMC-3854
365 242.0 151.0 70.0 DMC-3853
366 247.0 187.0 119.0 DMC-3827
367 220.0 156.0 86.0 DMC-977
368 194.0 129.0 66.0 DMC-976
369 173.0 114.0 57.0 DMC-3826
370 145.0 79.0 18.0 DMC-975
371 254.0 231.0 218.0 DMC-948
372 247.0 203.0 191.0 DMC-754
373 244.0 187.0 169.0 DMC-3771
374 238.0 170.0 155.0 DMC-758
375 217.0 137.0 120.0 DMC-3778
376 197.0 106.0 91.0 DMC-356
377 185.0 85.0 68.0 DMC-3830
378 152.0 68.0 54.0 DMC-355
379 134.0 48.0 34.0 DMC-3777
380 248.0 202.0 200.0 DMC-3779
381 186.0 139.0 124.0 DMC-3859
382 150.0 74.0 63.0 DMC-3858
383 104.0 37.0 26.0 DMC-3857
384 243.0 225.0 215.0 DMC-3774
385 238.0 211.0 196.0 DMC-950
386 196.0 142.0 112.0 DMC-3064
387 187.0 129.0 97.0 DMC-407
388 182.0 117.0 82.0 DMC-3773
389 160.0 108.0 80.0 DMC-3772
390 135.0 85.0 57.0 DMC-632
391 215.0 206.0 203.0 DMC-453
392 192.0 179.0 174.0 DMC-452
393 145.0 123.0 115.0 DMC-451
394 166.0 136.0 129.0 DMC-3861
395 125.0 93.0 87.0 DMC-3860
396 98.0 75.0 69.0 DMC-779
397 255.0 251.0 239.0 DMC-712
398 248.0 228.0 200.0 DMC-739
399 236.0 204.0 158.0 DMC-738
400 228.0 187.0 142.0 DMC-437
401 203.0 144.0 81.0 DMC-436
402 184.0 119.0 72.0 DMC-435
403 152.0 94.0 51.0 DMC-434
404 122.0 69.0 31.0 DMC-433
405 101.0 57.0 25.0 DMC-801
406 73.0 42.0 19.0 DMC-898
407 54.0 31.0 14.0 DMC-938
408 30.0 17.0 8.0 DMC-3371
409 242.0 227.0 206.0 DMC-543
410 203.0 182.0 156.0 DMC-3864
411 164.0 131.0 92.0 DMC-3863
412 138.0 110.0 78.0 DMC-3862
413 75.0 60.0 42.0 DMC-3031
414 255.0 255.0 255.0 DMC-B5200
415 252.0 251.0 248.0 DMC-White
416 249.0 247.0 241.0 DMC-3865
417 240.0 234.0 218.0 DMC-Ecru
418 231.0 226.0 211.0 DMC-822
419 221.0 216.0 203.0 DMC-644
420 164.0 152.0 120.0 DMC-642
421 133.0 123.0 97.0 DMC-640
422 98.0 93.0 80.0 DMC-3787
423 79.0 75.0 65.0 DMC-3021
424 235.0 234.0 231.0 DMC-3024
425 177.0 170.0 151.0 DMC-3023
426 142.0 144.0 120.0 DMC-3022
427 99.0 100.0 88.0 DMC-535
428 227.0 216.0 204.0 DMC-3033
429 210.0 188.0 166.0 DMC-3782
430 179.0 159.0 139.0 DMC-3032
431 127.0 106.0 85.0 DMC-3790
432 107.0 87.0 67.0 DMC-3781
433 250.0 246.0 240.0 DMC-3866
434 209.0 186.0 161.0 DMC-842
435 182.0 155.0 126.0 DMC-841
436 154.0 124.0 92.0 DMC-840
437 103.0 85.0 65.0 DMC-839
438 89.0 73.0 55.0 DMC-838
439 230.0 232.0 232.0 DMC-3072
440 188.0 180.0 172.0 DMC-648
441 176.0 166.0 156.0 DMC-647
442 135.0 125.0 115.0 DMC-646
443 110.0 101.0 92.0 DMC-645
444 72.0 72.0 72.0 DMC-844
445 236.0 236.0 236.0 DMC-762
446 211.0 211.0 214.0 DMC-415
447 171.0 171.0 171.0 DMC-318
448 140.0 140.0 140.0 DMC-414
449 209.0 209.0 209.0 DMC-168
450 132.0 132.0 132.0 DMC-169
451 108.0 108.0 108.0 DMC-317
452 86.0 86.0 86.0 DMC-413
453 66.0 66.0 66.0 DMC-3799
454 0.0 0.0 0.0 DMC-310
455 227.0 227.0 230.0 DMC-1
456 215.0 215.0 216.0 DMC-2
457 184.0 184.0 187.0 DMC-3
458 174.0 174.0 177.0 DMC-4
459 227.0 204.0 190.0 DMC-5
460 220.0 198.0 184.0 DMC-6
461 143.0 123.0 110.0 DMC-7
462 106.0 80.0 70.0 DMC-8
463 85.0 32.0 14.0 DMC-9
464 237.0 254.0 217.0 DMC-10
465 226.0 237.0 181.0 DMC-11
466 205.0 217.0 154.0 DMC-12
467 191.0 246.0 224.0 DMC-13
468 208.0 251.0 178.0 DMC-14
469 209.0 237.0 164.0 DMC-15
470 201.0 194.0 88.0 DMC-16
471 229.0 226.0 114.0 DMC-17
472 217.0 213.0 109.0 DMC-18
473 247.0 201.0 95.0 DMC-19
474 247.0 175.0 147.0 DMC-20
475 215.0 153.0 130.0 DMC-21
476 188.0 96.0 78.0 DMC-22
477 237.0 226.0 237.0 DMC-23
478 224.0 215.0 238.0 DMC-24
479 218.0 210.0 233.0 DMC-25
480 215.0 202.0 230.0 DMC-26
481 240.0 238.0 249.0 DMC-27
482 144.0 134.0 169.0 DMC-28
483 103.0 64.0 118.0 DMC-29
484 125.0 119.0 165.0 DMC-30
485 80.0 81.0 141.0 DMC-31
486 77.0 46.0 138.0 DMC-32
487 156.0 89.0 158.0 DMC-33
488 125.0 48.0 100.0 DMC-34
489 70.0 5.0 45.0 DMC-35
